1912190166222728
1250990946755156
1464574464740117
1242534494258776
567793972839866
1072427411472859
620761663709189
710333418524038
1485483959528915
1278389980303301
691953913733559
1383479942934033
1413686136644219
749161847679457
1405480837366480
707460652150124
604781375463573
620798940349025
1650933265567577
780559791166537
1699773164233366
1184754073400382
1880620499382444
1698775424093219
573829355786550
1209348310519179
1261097529057844
2221597098307681
739606178751761
1131661952133437
1275723277533534
1056451739762776
1791966871672676
1770614326853374
3982667628638162
710460488616149
1292346008887822
714544598034446
1229551568268665
